   4.0000000e+00
   5.0000000e+00
   2.0000000e+00
   6.0000000e+00
   8.0000000e+00
   1.0000000e+01
   4.0000000e+00
   7.0000000e+00
   3.0000000e+00
   1.1000000e+01
   2.5000000e+01
   4.8000000e+01
   7.5000000e+01
   1.0400000e+02
   5.5000000e+01
   8.5000000e+01
   1.6800000e+02
   1.7500000e+02
   2.3200000e+02
   2.9300000e+02
   2.3100000e+02
   9.5000000e+01
   7.2000000e+01
   2.9400000e+02
   2.4200000e+02
   2.9000000e+02
   2.5700000e+02
   6.8000000e+02
   4.3200000e+02
   2.8700000e+02
   7.7500000e+02
   7.9000000e+02
   1.1230000e+03
   1.2030000e+03
   1.6740000e+03
   8.9800000e+02
   6.0600000e+02
   2.0090000e+03
   2.1300000e+03
   1.9410000e+03
   2.0860000e+03
   1.0510000e+03
   1.0320000e+03
   6.7900000e+02
   3.1430000e+03
   2.8870000e+03
   2.9910000e+03
   3.0710000e+03
   2.9460000e+03
   1.5080000e+03
   7.8800000e+02
   2.5520000e+03
   1.3120000e+03
   2.3280000e+03
   2.7330000e+03
   4.3110000e+03
   1.9200000e+03
   1.2790000e+03
   4.7760000e+03
   4.6330000e+03
   4.6180000e+03
   4.3910000e+03
   2.0810000e+03
   1.9520000e+03
   1.3150000e+03
   5.3110000e+03
   4.7650000e+03
   5.0110000e+03
   4.4970000e+03
   4.2730000e+03
   2.0090000e+03
   1.2030000e+03
   3.4730000e+03
   5.7160000e+03
   5.4720000e+03
   5.5400000e+03
   5.0540000e+03
   2.3250000e+03
   1.3250000e+03
   5.7390000e+03
   6.3940000e+03
   5.1850000e+03
   5.2600000e+03
   5.9260000e+03
   2.7550000e+03
   1.5280000e+03
   5.3250000e+03
   6.0060000e+03
   8.1590000e+03
   7.2910000e+03
   6.8370000e+03
   2.9700000e+03
   1.9140000e+03
   8.1500000e+03
   7.1560000e+03
   6.9580000e+03
   6.7580000e+03
   6.8540000e+03
   3.0860000e+03
   1.6830000e+03
   8.5710000e+03
   7.8450000e+03
   7.4400000e+03
   7.3490000e+03
   7.2380000e+03
   3.3830000e+03
   1.6990000e+03
   9.5310000e+03
   1.0200000e+04
   8.3270000e+03
   8.1230000e+03
   8.3690000e+03
   4.1750000e+03
   1.9010000e+03
   1.0528000e+04
   9.4190000e+03
   8.5060000e+03
   8.9730000e+03
   7.9100000e+03
   3.8770000e+03
   2.6850000e+03
   1.0226000e+04
   8.3030000e+03
   8.1150000e+03
   8.4120000e+03
   8.3220000e+03
   3.5970000e+03
   1.9190000e+03
   1.0017000e+04
   9.0650000e+03
   9.3910000e+03
   8.8740000e+03
   8.5130000e+03
   4.1550000e+03
   2.2190000e+03
   1.1001000e+04
   8.9850000e+03
   8.5060000e+03
   7.0810000e+03
   6.2140000e+03
   3.8500000e+03
   1.8330000e+03
   8.3340000e+03
   1.2044000e+04
   1.0485000e+04
   1.0156000e+04
   9.9130000e+03
   4.6640000e+03
   2.5650000e+03
   1.1591000e+04
   1.0193000e+04
   9.7260000e+03
   9.3500000e+03
   8.7620000e+03
   4.5730000e+03
   2.4630000e+03
   1.0861000e+04
   9.7540000e+03
   9.5950000e+03
   9.7150000e+03
   8.9430000e+03
   4.3950000e+03
   2.2960000e+03
   1.1570000e+04
   1.0165000e+04
   1.0517000e+04
   1.0354000e+04
   9.3700000e+03
   4.5390000e+03
   2.0670000e+03
   1.0124000e+04
   7.9180000e+03
   8.1940000e+03
   4.7630000e+03
   7.0820000e+03
   3.1290000e+03
   1.7230000e+03
   8.4620000e+03
   8.0630000e+03
   7.7080000e+03
   7.8500000e+03
   7.3910000e+03
   3.4370000e+03
   2.0190000e+03
   9.0870000e+03
   8.0530000e+03
   7.5850000e+03
   7.8550000e+03
   6.9520000e+03
   3.4130000e+03
   1.6410000e+03
   3.1830000e+03
   8.6060000e+03
   7.5320000e+03
   7.5470000e+03
   6.6320000e+03
   2.9970000e+03
   1.7010000e+03
   7.8590000e+03
   6.5360000e+03
   6.5670000e+03
   6.7350000e+03
   6.2480000e+03
   2.7300000e+03
   1.7800000e+03
   7.5900000e+03
   6.1000000e+03
   6.5570000e+03
   6.3330000e+03
   5.8680000e+03
   2.7800000e+03
   1.5930000e+03
   7.5150000e+03
   6.5890000e+03
   6.1990000e+03
   5.5760000e+03
   5.7950000e+03
   2.3230000e+03
   1.4680000e+03
   7.2210000e+03
   6.2880000e+03
   5.9860000e+03
   5.7540000e+03
   5.1970000e+03
   2.6650000e+03
   1.5250000e+03
   2.3710000e+03
   7.9150000e+03
   9.3670000e+03
   7.1550000e+03
   6.4540000e+03
   3.6630000e+03
   1.6890000e+03
   8.5750000e+03
   7.5170000e+03
   7.7050000e+03
   8.2080000e+03
   8.1420000e+03
   4.1430000e+03
   1.9060000e+03
   9.1120000e+03
   8.3330000e+03
   8.4210000e+03
   7.6510000e+03
   5.0250000e+03
   2.9750000e+03
   1.9020000e+03
   3.0110000e+03
   8.2570000e+03
   6.4620000e+03
   1.0429000e+04
   9.1760000e+03
   3.8200000e+03
   2.3090000e+03
   1.1148000e+04
   9.6530000e+03
   9.5600000e+03
   9.6610000e+03
   9.0710000e+03
   4.5540000e+03
   2.3840000e+03
   1.1551000e+04
   1.0623000e+04
   1.0956000e+04
   1.0699000e+04
   9.2320000e+03
   5.3790000e+03
   2.8650000e+03
   1.1252000e+04
   1.2418000e+04
   9.9050000e+03
   1.3361000e+04
   1.1173000e+04
   5.2390000e+03
   2.6340000e+03
   1.3072000e+04
   1.1024000e+04
   1.0298000e+04
   1.1543000e+04
   1.0885000e+04
   4.8290000e+03
   2.3100000e+03
   1.1404000e+04
   1.2017000e+04
   1.1120000e+04
   1.0425000e+04
   8.9570000e+03
   3.1030000e+03
   3.4550000e+03
   7.7080000e+03
   1.2555000e+04
   1.0841000e+04
   9.6870000e+03
   1.0420000e+04
   5.3670000e+03
   3.4350000e+03
   1.1669000e+04
   1.0879000e+04
   9.6980000e+03
   6.0500000e+03
   3.4570000e+03
   6.6600000e+03
   4.3740000e+03
   1.5633000e+04
   1.3679000e+04
   1.1360000e+04
   5.9030000e+03
   3.3110000e+03
   5.8130000e+03
   3.8700000e+03
   1.5217000e+04
   1.5065000e+04
   1.4530000e+04
   1.4056000e+04
   1.2633000e+04
   7.3020000e+03
   4.6450000e+03
   1.3929000e+04
   1.4265000e+04
   1.2407000e+04
   1.2931000e+04
   1.1783000e+04
   6.1380000e+03
   3.5440000e+03
   1.4366000e+04
   1.3052000e+04
   1.0556000e+04
   9.0290000e+03
   1.2622000e+04
   5.3800000e+03
   3.4470000e+03
   7.2830000e+03
   1.2470000e+04
   1.1895000e+04
   1.0963000e+04
   8.4010000e+03
   4.2350000e+03
   5.1590000e+03
   1.0860000e+04
   9.8700000e+03
   9.5020000e+03
   8.2460000e+03
   8.2720000e+03
   4.8740000e+03
   3.1030000e+03
   1.1941000e+04
   1.1077000e+04
   1.0425000e+04
   1.0677000e+04
   9.1220000e+03
   4.8470000e+03
   3.2350000e+03
   1.2424000e+04
   1.1209000e+04
   1.1573000e+04
   1.1518000e+04
   1.1127000e+04
   6.5970000e+03
   3.9880000e+03
   1.4478000e+04
   1.3753000e+04
   1.3696000e+04
   1.3984000e+04
   1.2674000e+04
   7.2330000e+03
   4.3690000e+03
   1.6312000e+04
   1.7662000e+04
   1.8081000e+04
   1.7802000e+04
   1.7049000e+04
   9.8600000e+03
   6.3850000e+03
   2.3270000e+04
   2.1174000e+04
   2.1232000e+04
   2.2102000e+04
   2.0258000e+04
   1.1005000e+04
   6.2720000e+03
   2.6371000e+04
   2.2867000e+04
   2.1710000e+04
   2.0714000e+04
   1.8049000e+04
   9.7950000e+03
   5.4130000e+03
   2.3022000e+04
   2.1130000e+04
   1.8406000e+04
   1.8222000e+04
   1.5992000e+04
   8.2400000e+03
   4.7930000e+03
   2.0598000e+04
   1.6149000e+04
   1.4834000e+04
   1.3283000e+04
   7.0460000e+03
   7.4780000e+03
   4.4890000e+03
   1.8029000e+04
   1.5930000e+04
   1.4441000e+04
   1.4384000e+04
   1.3310000e+04
   6.9560000e+03
   4.4700000e+03
   1.8106000e+04
   1.4973000e+04
   1.3798000e+04
   1.3616000e+04
   1.2538000e+04
   6.5500000e+03
   3.9340000e+03
   1.5170000e+04
   1.1538000e+04
   6.5520000e+03
   1.2768000e+04
   1.0653000e+04
   6.1270000e+03
   3.7490000e+03
   1.5630000e+04
   1.3191000e+04
   1.2868000e+04
   1.2250000e+04
   1.0476000e+04
   5.5720000e+03
   3.5980000e+03
   1.4885000e+04
   1.3676000e+04
   1.3857000e+04
   1.4211000e+04
   1.2062000e+04
   6.6850000e+03
   4.2550000e+03
   1.7051000e+04
   1.5390000e+04
   1.4608000e+04
   1.4002000e+04
   1.2440000e+04
   7.3150000e+03
   4.6340000e+03
   1.6995000e+04
   1.5656000e+04
   1.4948000e+04
   1.5212000e+04
   1.4538000e+04
   7.4500000e+03
   4.4010000e+03
   1.7499000e+04
   1.6324000e+04
   1.3108000e+04
   1.6164000e+04
   1.4465000e+04
   9.4540000e+03
   5.6990000e+03
   1.8010000e+04
   1.7178000e+04
   1.6497000e+04
   1.4102000e+04
   1.4835000e+04
   8.5780000e+03
   5.1240000e+03
   1.7315000e+04
   1.6552000e+04
   1.5106000e+04
   1.4917000e+04
   1.2938000e+04
   7.3450000e+03
   4.1330000e+03
   1.6621000e+04
   1.4988000e+04
   1.4671000e+04
   1.3360000e+04
   1.1483000e+04
   6.5200000e+03
   3.9920000e+03
   1.5000000e+04
   1.3049000e+04
   1.1547000e+04
   1.2481000e+04
   1.1426000e+04
   6.8960000e+03
   4.3780000e+03
   1.4742000e+04
   8.1200000e+03
   1.0196000e+04
   1.0747000e+04
   9.8130000e+03
   5.3930000e+03
   3.3470000e+03
   1.3036000e+04
   1.1129000e+04
   1.0748000e+04
   1.0469000e+04
   6.0600000e+03
   5.2740000e+03
   3.7310000e+03
   1.1460000e+04
   1.3177000e+04
   1.0999000e+04
   1.0812000e+04
   1.0892000e+04
   6.3280000e+03
   3.5880000e+03
   8.4050000e+03
   1.3062000e+04
   1.1062000e+04
   1.0922000e+04
   9.4030000e+03
   5.4160000e+03
   3.3640000e+03
   1.2558000e+04
   1.2329000e+04
   9.8440000e+03
   9.1400000e+03
   7.6960000e+03
   4.6100000e+03
   2.8680000e+03
   1.0487000e+04
   9.5870000e+03
   9.6790000e+03
   9.2190000e+03
   8.4470000e+03
   5.5350000e+03
   3.2280000e+03
   1.2757000e+04
   1.1559000e+04
   1.1532000e+04
   1.1475000e+04
   1.0060000e+04
   6.2180000e+03
   4.2030000e+03
   1.2525000e+04
   1.1996000e+04
   1.1742000e+04
   1.1986000e+04
   1.1336000e+04
   6.4780000e+03
   4.1370000e+03
   1.4067000e+04
   1.2965000e+04
   1.2713000e+04
   1.2243000e+04
   1.0298000e+04
   5.6760000e+03
   3.9060000e+03
   1.2845000e+04
   1.1343000e+04
   1.0251000e+04
   1.0525000e+04
   9.8170000e+03
   5.4930000e+03
   3.8820000e+03
   6.9720000e+03
   1.8990000e+03
   7.7940000e+03
   8.1710000e+03
   7.8040000e+03
   4.3300000e+03
   2.4930000e+03
   1.0073000e+04
   9.6070000e+03
   8.5510000e+03
   8.3610000e+03
   7.2360000e+03
   4.1080000e+03
   2.4040000e+03
   9.5500000e+03
   8.9690000e+03
   8.0950000e+03
   8.4800000e+03
   7.6460000e+03
   3.9920000e+03
   2.0930000e+03
   1.0482000e+04
   9.8120000e+03
   9.4430000e+03
   8.3480000e+03
   6.9270000e+03
   3.7390000e+03
   2.2170000e+03
   8.5510000e+03
   7.5190000e+03
   7.1160000e+03
   6.6130000e+03
   5.3940000e+03
   2.9870000e+03
   1.6520000e+03
   4.4980000e+03
   2.7390000e+03
   7.3660000e+03
   7.4920000e+03
   6.5210000e+03
   3.5080000e+03
   2.1310000e+03
   7.3240000e+03
   6.4490000e+03
   6.5690000e+03
   6.8160000e+03
   6.4150000e+03
   3.4020000e+03
   1.8660000e+03
   8.0440000e+03
   7.6310000e+03
   6.7760000e+03
   6.3260000e+03
   5.0950000e+03
   2.6300000e+03
   1.4550000e+03
   3.1650000e+03
   2.8650000e+03
   6.0550000e+03
   5.8620000e+03
   4.9880000e+03
   2.6610000e+03
   1.7250000e+03
   6.3820000e+03
   5.9530000e+03
   5.5590000e+03
   5.5690000e+03
   4.2750000e+03
   2.1190000e+03
   1.4380000e+03
   2.5540000e+03
   6.5820000e+03
   5.9960000e+03
   5.8880000e+03
   4.4430000e+03
   2.4360000e+03
   1.7580000e+03
   6.1240000e+03
   5.8570000e+03
   5.5050000e+03
   5.8240000e+03
   4.7780000e+03
   2.4070000e+03
   1.6170000e+03
   6.4370000e+03
   6.1610000e+03
   6.3970000e+03
   6.3300000e+03
   5.6930000e+03
   3.4560000e+03
   2.3920000e+03
   8.5380000e+03
   8.7410000e+03
   8.8530000e+03
   8.6420000e+03
   2.4580000e+03
   1.7080000e+03
   9.1300000e+02
   3.8910000e+03
   3.9760000e+03
   3.5790000e+03
   3.5300000e+03
   2.8120000e+03
   1.7540000e+03
   1.0780000e+03
   5.1240000e+03
   5.0560000e+03
   7.7970000e+03
   1.0141000e+04
   1.1628000e+04
   5.1700000e+03
   4.7590000e+03
   1.5190000e+04
   1.7884000e+04
   1.7341000e+04
   1.6596000e+04
   9.9300000e+03
   5.8830000e+03
   5.1560000e+03
   2.0524000e+04
   2.2672000e+04
   2.4209000e+04
   2.6203000e+04
   2.6310000e+04
   1.9898000e+04
   5.4610000e+03
   2.9916000e+04
   3.0417000e+04
   3.2980000e+04
   3.6408000e+04
   1.5679000e+04
   1.9964000e+04
   6.8040000e+03
   2.8778000e+04
   2.5450000e+04
   2.2379000e+04
   2.0850000e+04
   1.9195000e+04
   1.0474000e+04
   4.7330000e+03
   1.8562000e+04
   8.3490000e+03
   1.6748000e+04
   1.4977000e+04
   1.2581000e+04
   6.3660000e+03
   3.3980000e+03
   1.2021000e+04
   1.0477000e+04
   1.0285000e+04
   1.0267000e+04
   9.3280000e+03
   3.2470000e+03
   3.2730000e+03
   9.1310000e+03
   8.6770000e+03
   7.9910000e+03
   8.1610000e+03
   7.2210000e+03
   3.3900000e+03
   2.4280000e+03
   8.2180000e+03
   7.9140000e+03
   7.0150000e+03
   7.0410000e+03
   6.2920000e+03
   3.3440000e+03
   2.1490000e+03
   8.7720000e+03
   7.9940000e+03
   7.7970000e+03
   7.2990000e+03
   5.8060000e+03
   2.6090000e+03
   1.7840000e+03
   3.7280000e+03
   2.6900000e+03
   5.1580000e+03
   5.5050000e+03
   4.2410000e+03
   1.4630000e+03
   1.1970000e+03
   5.4150000e+03
   4.6600000e+03
   4.4660000e+03
   4.0330000e+03
   3.6560000e+03
   1.6550000e+03
   9.3000000e+02
   4.5680000e+03
   4.4700000e+03
   4.2650000e+03
   3.8970000e+03
   3.5140000e+03
   1.2880000e+03
   9.3900000e+02
   4.4370000e+03
   4.7730000e+03
   4.5220000e+03
   4.4680000e+03
   4.2030000e+03
   1.9390000e+03
   1.1510000e+03
   5.4300000e+03
   4.9820000e+03
   4.7970000e+03
   4.3810000e+03
   3.6000000e+03
   1.6240000e+03
   1.0970000e+03
   4.8080000e+03
   4.6410000e+03
   4.3560000e+03
   4.4060000e+03
   3.8960000e+03
   1.7840000e+03
   1.0730000e+03
   5.0400000e+03
   4.7010000e+03
   4.4960000e+03
   3.9600000e+03
   1.7460000e+03
   1.7970000e+03
   1.1880000e+03
   5.2060000e+03
   5.0680000e+03
   4.1190000e+03
   2.0350000e+03
   2.3730000e+03
   1.8570000e+03
   1.0580000e+03
   5.4150000e+03
   5.0550000e+03
   4.1130000e+03
   3.4660000e+03
   4.0510000e+03
   1.7100000e+03
   1.1450000e+03
   4.8390000e+03
   4.4010000e+03
   4.4730000e+03
   4.3600000e+03
   3.8440000e+03
   2.0580000e+03
   1.3880000e+03
   5.9070000e+03
   5.6180000e+03
   5.6780000e+03
   5.6120000e+03
   5.1600000e+03
   2.6150000e+03
   1.7770000e+03
   6.9000000e+03
   2.7490000e+03
   2.5850000e+03
   2.5270000e+03
   8.0390000e+03
   3.6590000e+03
   2.1920000e+03
   8.9790000e+03
   9.1870000e+03
   9.5380000e+03
   9.9930000e+03
   9.5550000e+03
   5.5560000e+03
   3.3890000e+03
   1.2346000e+04
   1.2507000e+04
   1.3546000e+04
   1.4772000e+04
   1.3514000e+04
   7.1460000e+03
   4.5650000e+03
   1.6234000e+04
   1.6993000e+04
   1.7508000e+04
   1.6699000e+04
   1.5497000e+04
   8.4220000e+03
   5.0760000e+03
   1.7821000e+04
   1.8699000e+04
   1.7295000e+04
   9.5410000e+03
   1.0157000e+04
   9.5080000e+03
   5.5060000e+03
   1.9608000e+04
   2.0995000e+04
   2.1350000e+04
   2.0658000e+04
   1.8936000e+04
   9.1450000e+03
   5.4610000e+03
   1.8692000e+04
   1.8519000e+04
   1.7527000e+04
   1.6712000e+04
   1.4565000e+04
   7.4580000e+03
   4.4170000e+03
   1.5818000e+04
   1.4881000e+04
   1.4532000e+04
   1.3310000e+04
   1.2446000e+04
   5.7140000e+03
   3.3740000e+03
   1.3031000e+04
   1.2168000e+04
   1.0529000e+04
   1.0217000e+04
   8.7100000e+03
   4.4980000e+03
   2.4790000e+03
   9.1210000e+03
   8.3020000e+03
   7.3630000e+03
   7.2500000e+03
   6.2790000e+03
   2.6600000e+03
   1.7200000e+03
   7.4870000e+03
   6.7920000e+03
   6.4320000e+03
   6.0810000e+03
   4.6390000e+03
   2.2990000e+03
   1.2990000e+03
   5.6410000e+03
   5.6300000e+03
   5.5640000e+03
   5.7390000e+03
   4.7760000e+03
   1.9140000e+03
   1.2670000e+03
   5.4720000e+03
   5.6190000e+03
   5.2050000e+03
   4.8950000e+03
   4.1100000e+03
   1.7930000e+03
   1.1110000e+03
   5.6130000e+03
   5.6830000e+03
   5.5390000e+03
   5.2460000e+03
   4.0220000e+03
   1.7350000e+03
   1.0200000e+03
   5.0150000e+03
   5.1210000e+03
   4.9220000e+03
   4.5800000e+03
   3.9880000e+03
   1.5530000e+03
   8.8900000e+02
   4.3980000e+03
   4.0550000e+03
   3.8860000e+03
   4.1240000e+03
   3.4880000e+03
   1.5210000e+03
   9.3900000e+02
   4.0780000e+03
   3.8760000e+03
   1.4610000e+03
   3.6510000e+03
   3.2260000e+03
   1.4760000e+03
   7.9300000e+02
   3.9100000e+03
   3.5210000e+03
   3.3420000e+03
   3.2850000e+03
   2.9110000e+03
   1.2450000e+03
   8.4200000e+02
   3.6230000e+03
   3.5820000e+03
   3.1510000e+03
   3.3370000e+03
   2.5480000e+03
   1.1300000e+03
   6.9200000e+02
   3.5450000e+03
   2.9210000e+03
   3.0500000e+03
   3.0960000e+03
   2.2000000e+03
   1.0450000e+03
   5.9000000e+02
   3.0680000e+03
   3.2250000e+03
   2.7390000e+03
   2.4760000e+03
   2.3040000e+03
   1.2400000e+03
   6.2400000e+02
   2.7580000e+03
   2.4150000e+03
   1.0010000e+03
   2.6500000e+03
   2.3250000e+03
   1.0980000e+03
   6.8100000e+02
   2.8010000e+03
   2.9240000e+03
   2.7550000e+03
   2.7810000e+03
   2.3420000e+03
   1.2220000e+03
   6.9700000e+02
   3.5050000e+03
   3.6150000e+03
   3.8990000e+03
   3.9120000e+03
   2.4770000e+03
   1.8110000e+03
   8.6500000e+02
   4.0630000e+03
   4.3050000e+03
   2.3090000e+03
   3.3670000e+03
   4.1500000e+03
   3.9160000e+03
   2.4770000e+03
   9.0290000e+03
   9.8150000e+03
   1.2196000e+04
   1.3250000e+04
   1.2842000e+04
   5.9780000e+03
   3.5700000e+03
   7.8230000e+03
   6.7660000e+03
   1.4236000e+04
   1.5432000e+04
   1.4161000e+04
   7.2850000e+03
   1.1230000e+03
   7.2370000e+03
   1.1870000e+04
   1.4900000e+04
   1.1621000e+04
   1.1696000e+04
   4.4880000e+03
   2.9320000e+03
   8.4610000e+03
   9.6250000e+03
   9.0280000e+03
   9.1740000e+03
   7.7630000e+03
   4.0520000e+03
   2.5180000e+03
   7.4350000e+03
   7.5410000e+03
   7.5160000e+03
   6.4260000e+03
   4.9130000e+03
   2.6460000e+03
   1.8070000e+03
   7.0060000e+03
   5.5280000e+03
   5.8420000e+03
   5.9070000e+03
   5.2740000e+03
   2.3730000e+03
   1.3370000e+03
   5.8470000e+03
   5.1670000e+03
   5.1080000e+03
   4.2820000e+03
   4.1270000e+03
   1.2740000e+03
   8.4700000e+02
   4.8860000e+03
   5.2610000e+03
   4.6910000e+03
   4.3780000e+03
   3.5890000e+03
   1.3250000e+03
